2.840649999999999977e+02 2.846789999999999736e+02 2.838421999999999912e+02 2.845749999999999886e+02 2.751280000000000000e+05
2.845899999999999750e+02 2.849300000000000068e+02 2.837049999999999841e+02 2.844900000000000091e+02 3.206670000000000000e+05
2.845199999999999818e+02 2.845199999999999818e+02 2.835699999999999932e+02 2.836600000000000250e+02 2.766950000000000000e+05
2.836399999999999864e+02 2.844800000000000182e+02 2.834100000000000250e+02 2.842730000000000246e+02 2.597400000000000000e+05
2.842599999999999909e+02 2.847749999999999773e+02 2.842099999999999795e+02 2.844700000000000273e+02 2.572150000000000000e+05
2.844499999999999886e+02 2.851899999999999977e+02 2.843799999999999955e+02 2.848600000000000136e+02 2.820590000000000000e+05
2.848702000000000112e+02 2.851499999999999773e+02 2.843000000000000114e+02 2.846899999999999977e+02 2.428470000000000000e+05
2.847500000000000000e+02 2.848500000000000227e+02 2.841000000000000227e+02 2.843000000000000114e+02 1.972480000000000000e+05
2.842599999999999909e+02 2.846499000000000024e+02 2.838399999999999750e+02 2.845649999999999977e+02 2.141470000000000000e+05
2.845649999999999977e+02 2.848999999999999773e+02 2.844519999999999982e+02 2.846483000000000061e+02 2.394120000000000000e+05
2.846157999999999788e+02 2.848999999999999773e+02 2.838100000000000023e+02 2.841299999999999955e+02 2.429660000000000000e+05
2.841000000000000227e+02 2.845000000000000000e+02 2.838000000000000114e+02 2.841600000000000250e+02 2.275320000000000000e+05
2.841472999999999729e+02 2.844499999999999886e+02 2.839100000000000250e+02 2.843799999999999955e+02 2.125400000000000000e+05
2.843500000000000227e+02 2.847599999999999909e+02 2.839700000000000273e+02 2.843999999999999773e+02 2.482900000000000000e+05
2.844300000000000068e+02 2.847900000000000205e+02 2.841399999999999864e+02 2.846313000000000102e+02 2.788190000000000000e+05
2.846286999999999807e+02 2.851000000000000227e+02 2.843349999999999795e+02 2.850799999999999841e+02 2.801040000000000000e+05
2.850899999999999750e+02 2.860000000000000000e+02 2.850099999999999909e+02 2.857785000000000082e+02 5.414550000000000000e+05
2.857799999999999727e+02 2.860600000000000023e+02 2.855099999999999909e+02 2.860600000000000023e+02 3.887270000000000000e+05
2.860203000000000202e+02 2.861700000000000159e+02 2.856499999999999773e+02 2.857200000000000273e+02 3.614000000000000000e+05
2.857300000000000182e+02 2.860108999999999924e+02 2.853199999999999932e+02 2.853500000000000227e+02 3.437690000000000000e+05
2.858899999999999864e+02 2.872099999999999795e+02 2.853199999999999932e+02 2.871000000000000227e+02 9.734050000000000000e+05
2.871100000000000136e+02 2.871399999999999864e+02 2.862400000000000091e+02 2.867300000000000182e+02 1.186478000000000000e+06
2.846600000000000250e+02 2.869449999999999932e+02 2.846000000000000227e+02 2.860299999999999727e+02 4.750261000000000000e+06
2.860874000000000024e+02 2.865199999999999818e+02 2.844300000000000068e+02 2.845299999999999727e+02 1.167324000000000000e+06
2.844400999999999726e+02 2.845899999999999750e+02 2.827799999999999727e+02 2.839800000000000182e+02 1.116999000000000000e+06
2.838999999999999773e+02 2.843698999999999728e+02 2.836999999999999886e+02 2.837950000000000159e+02 6.153600000000000000e+05
2.838000000000000114e+02 2.845799999999999841e+02 2.837099999999999795e+02 2.841100000000000136e+02 5.914450000000000000e+05
2.841800000000000068e+02 2.844700000000000273e+02 2.835000000000000000e+02 2.840600000000000023e+02 5.342940000000000000e+05
2.840400000000000205e+02 2.842500000000000000e+02 2.831800000000000068e+02 2.832799999999999727e+02 5.576940000000000000e+05
2.833399999999999750e+02 2.836399999999999864e+02 2.826850000000000023e+02 2.827900000000000205e+02 5.862350000000000000e+05
2.828100000000000023e+02 2.833050000000000068e+02 2.819227000000000203e+02 2.821299999999999955e+02 8.111770000000000000e+05
2.821399999999999864e+02 2.822799999999999727e+02 2.810899999999999750e+02 2.819700000000000273e+02 6.510040000000000000e+05
2.819599999999999795e+02 2.820299999999999727e+02 2.807200000000000273e+02 2.808500000000000227e+02 5.330160000000000000e+05
2.808600000000000136e+02 2.815000000000000000e+02 2.808000000000000114e+02 2.809549999999999841e+02 4.905690000000000000e+05
2.809499999999999886e+02 2.811100000000000136e+02 2.793600000000000136e+02 2.797900000000000205e+02 1.015353000000000000e+06
2.797799999999999727e+02 2.804300000000000068e+02 2.793199999999999932e+02 2.803999999999999773e+02 7.030980000000000000e+05
2.804100000000000250e+02 2.811700000000000159e+02 2.802799999999999727e+02 2.808444000000000074e+02 5.883030000000000000e+05
2.808399999999999750e+02 2.810699999999999932e+02 2.802200000000000273e+02 2.803100000000000023e+02 4.407660000000000000e+05
2.803100000000000023e+02 2.813498000000000161e+02 2.802500000000000000e+02 2.811499999999999773e+02 4.582900000000000000e+05
2.811650000000000205e+02 2.820600000000000023e+02 2.810699999999999932e+02 2.817799999999999727e+02 5.098640000000000000e+05
2.817599999999999909e+02 2.824100000000000250e+02 2.816299999999999955e+02 2.821700000000000159e+02 4.341380000000000000e+05
2.821650000000000205e+02 2.825899999999999750e+02 2.816449999999999818e+02 2.822343999999999937e+02 4.438870000000000000e+05
2.822302999999999997e+02 2.823652999999999906e+02 2.808999999999999773e+02 2.813100000000000023e+02 4.562570000000000000e+05
2.813600000000000136e+02 2.813804000000000087e+02 2.804100000000000250e+02 2.808500000000000227e+02 3.894120000000000000e+05
2.808677000000000135e+02 2.808999999999999773e+02 2.803799999999999955e+02 2.805502000000000180e+02 5.268070000000000000e+05
2.805600000000000023e+02 2.806549999999999727e+02 2.794100000000000250e+02 2.799030000000000200e+02 5.509670000000000000e+05
2.799100000000000250e+02 2.809700000000000273e+02 2.796700000000000159e+02 2.809399999999999977e+02 5.232890000000000000e+05
2.809399999999999977e+02 2.815500000000000114e+02 2.806600000000000250e+02 2.813899000000000115e+02 3.972040000000000000e+05
2.813899999999999864e+02 2.817500000000000000e+02 2.811600000000000250e+02 2.814649999999999750e+02 4.115670000000000000e+05
2.814553999999999974e+02 2.818500000000000227e+02 2.814388000000000147e+02 2.816399999999999864e+02 3.070940000000000000e+05
2.816299999999999955e+02 2.817799999999999727e+02 2.811050000000000182e+02 2.816150000000000091e+02 3.313360000000000000e+05
2.816100000000000136e+02 2.818700000000000045e+02 2.805899999999999750e+02 2.806200000000000045e+02 2.957600000000000000e+05
2.806499999999999773e+02 2.806700000000000159e+02 2.799599999999999795e+02 2.801999999999999886e+02 3.578710000000000000e+05
2.802200000000000273e+02 2.806000000000000227e+02 2.797900000000000205e+02 2.800299999999999727e+02 3.555940000000000000e+05
2.800199999999999818e+02 2.803500000000000227e+02 2.798199999999999932e+02 2.802400000000000091e+02 3.058640000000000000e+05
2.802350000000000136e+02 2.810600000000000023e+02 2.800699999999999932e+02 2.810600000000000023e+02 3.638230000000000000e+05
2.810699999999999932e+02 2.810899999999999750e+02 2.806000000000000227e+02 2.806732000000000085e+02 2.454100000000000000e+05
2.806899999999999977e+02 2.808199999999999932e+02 2.799900000000000091e+02 2.801600000000000250e+02 2.496100000000000000e+05
2.801800000000000068e+02 2.808600000000000136e+02 2.800600000000000023e+02 2.808224999999999909e+02 2.574550000000000000e+05
2.808367000000000075e+02 2.811600000000000250e+02 2.806700000000000159e+02 2.808435999999999808e+02 2.817070000000000000e+05
2.808299999999999841e+02 2.811000000000000227e+02 2.805400000000000205e+02 2.809200000000000159e+02 3.225490000000000000e+05
2.809200000000000159e+02 2.815000000000000000e+02 2.807099999999999795e+02 2.814540000000000077e+02 3.902960000000000000e+05
2.814535999999999945e+02 2.815000000000000000e+02 2.811299999999999955e+02 2.814700000000000273e+02 2.765440000000000000e+05
2.814599999999999795e+02 2.815400000000000205e+02 2.811299999999999955e+02 2.812049999999999841e+02 2.527610000000000000e+05
2.811999999999999886e+02 2.813799999999999955e+02 2.808399999999999750e+02 2.809633000000000038e+02 2.826160000000000000e+05
2.809499999999999886e+02 2.811000000000000227e+02 2.806000000000000227e+02 2.810701000000000249e+02 2.039360000000000000e+05
2.810849999999999795e+02 2.811100000000000136e+02 2.806297999999999888e+02 2.807649999999999864e+02 1.873700000000000000e+05
2.807400000000000091e+02 2.810400000000000205e+02 2.803199999999999932e+02 2.809298999999999751e+02 2.136040000000000000e+05
2.809399999999999977e+02 2.809399999999999977e+02 2.801499999999999773e+02 2.803931000000000040e+02 2.337980000000000000e+05
2.803700000000000045e+02 2.806650000000000205e+02 2.800000000000000000e+02 2.800799999999999841e+02 2.535270000000000000e+05
2.800699999999999932e+02 2.804599999999999795e+02 2.800500000000000114e+02 2.803100000000000023e+02 2.042060000000000000e+05
2.803000000000000114e+02 2.808000000000000114e+02 2.802200000000000273e+02 2.806899999999999977e+02 2.267600000000000000e+05
2.806899999999999977e+02 2.810149999999999864e+02 2.805799999999999841e+02 2.806999999999999886e+02 2.230510000000000000e+05
2.807022000000000048e+02 2.807099999999999795e+02 2.800500000000000114e+02 2.800769000000000233e+02 3.836460000000000000e+05
2.800899999999999750e+02 2.803000000000000114e+02 2.799499999999999886e+02 2.799900000000000091e+02 3.229940000000000000e+05
2.799399999999999977e+02 2.802400000000000091e+02 2.796000000000000227e+02 2.797099999999999795e+02 3.295710000000000000e+05
2.796800000000000068e+02 2.796829000000000178e+02 2.786600000000000250e+02 2.787525999999999726e+02 5.270170000000000000e+05
2.787300000000000182e+02 2.792500000000000000e+02 2.786200000000000045e+02 2.791700000000000159e+02 4.038840000000000000e+05
2.791897999999999911e+02 2.795000000000000000e+02 2.790099999999999909e+02 2.792799999999999727e+02 3.510720000000000000e+05
2.792900000000000205e+02 2.795099999999999909e+02 2.791000000000000227e+02 2.793650000000000091e+02 2.539450000000000000e+05
2.793700000000000045e+02 2.793700000000000045e+02 2.788199999999999932e+02 2.788616000000000099e+02 2.763970000000000000e+05
2.788550000000000182e+02 2.790899999999999750e+02 2.783700000000000045e+02 2.784177999999999997e+02 4.239010000000000000e+05
2.783799999999999955e+02 2.784100000000000250e+02 2.774800000000000182e+02 2.778120999999999867e+02 6.443810000000000000e+05
2.778102000000000089e+02 2.779098999999999933e+02 2.773299999999999841e+02 2.773399999999999750e+02 3.927620000000000000e+05
2.773500000000000227e+02 2.776100000000000136e+02 2.768600000000000136e+02 2.774898999999999774e+02 7.500910000000000000e+05
2.774750000000000227e+02 2.775799999999999841e+02 2.770799999999999841e+02 2.773799999999999955e+02 3.643180000000000000e+05
2.773700000000000045e+02 2.778799999999999955e+02 2.773500000000000227e+02 2.776000000000000227e+02 4.144990000000000000e+05
2.776250000000000000e+02 2.783899999999999864e+02 2.775000000000000000e+02 2.782900000000000205e+02 4.328600000000000000e+05
2.783100000000000023e+02 2.787500000000000000e+02 2.781399999999999864e+02 2.782450000000000045e+02 4.276900000000000000e+05
2.782300000000000182e+02 2.786800000000000068e+02 2.781299999999999955e+02 2.785799000000000092e+02 3.549260000000000000e+05
2.785799999999999841e+02 2.787300000000000182e+02 2.783999999999999773e+02 2.785120000000000005e+02 3.751380000000000000e+05
2.785199999999999818e+02 2.796999999999999886e+02 2.784499999999999886e+02 2.796652000000000271e+02 4.708650000000000000e+05
2.796700000000000159e+02 2.798299999999999841e+02 2.793899999999999864e+02 2.796138000000000261e+02 5.693560000000000000e+05
2.796200000000000045e+02 2.800299999999999727e+02 2.796000000000000227e+02 2.799863000000000284e+02 6.181530000000000000e+05
2.799900000000000091e+02 2.809700000000000273e+02 2.799900000000000091e+02 2.806360000000000241e+02 7.752390000000000000e+05
2.806390000000000100e+02 2.815000000000000000e+02 2.805299999999999727e+02 2.811974999999999909e+02 7.483850000000000000e+05
2.812200000000000273e+02 2.818100000000000023e+02 2.809100000000000250e+02 2.810799999999999841e+02 7.496990000000000000e+05
2.810899999999999750e+02 2.815000000000000000e+02 2.809200000000000159e+02 2.810000000000000000e+02 7.426710000000000000e+05
2.816886000000000081e+02 2.824300000000000068e+02 2.809900000000000091e+02 2.822699999999999818e+02 1.499575000000000000e+06
2.823100000000000023e+02 2.831399999999999864e+02 2.818700000000000045e+02 2.828999999999999773e+02 1.688652000000000000e+06
